0.98
34.58
27.10
33.42
37.14
35.81
40.11
35.79
38.56
37.14
40.11
29.49
30.39
37.13
41.78
41.76
40.11
33.42
38.57
22.28
37.14
38.57
38.57
17.91
27.85
33.43
27.85
38.57
38.56
37.14
23.32
34.58
30.39
27.10
32.34
33.42
32.34
34.58
31.33
32.36
35.81
33.42
33.42
33.43
34.57
27.10
32.34
32.34
34.58
33.43
33.42
32.35
34.58
27.86
33.42
34.57
33.42
34.58
32.36
31.34
33.42
33.42
33.42
31.33
33.42
33.42
31.34
32.34
32.34
33.42
33.42
31.33
32.35
33.42
32.34
33.42
30.38
31.33
27.10
31.33
32.34
32.34
32.34
31.33
31.33
33.43
31.34
31.34
32.35
32.35
33.42
33.43
32.34
34.57
32.35
33.42
32.34
33.43
33.43
33.42
32.34
32.34
30.39
27.86
30.38
29.49
31.33
32.34
33.42
33.43
32.33
32.34
33.42
33.42
30.39
23.87
20.89
20.89
25.07
21.80
30.38
22.28
18.57
20.89
23.32
21.80
19.28
23.31
25.07
26.39
29.49
30.38
27.85
25.71
28.65
30.39
31.33
30.38
30.38
29.49
27.10
31.33
32.34
31.33
31.33
30.38
31.34
28.65
28.65
30.38
28.65
30.38
29.49
29.49
27.85
30.38
27.85
27.10
27.85
27.85
30.38
30.38
30.38
28.65
29.49
29.49
31.33
31.32
30.38
31.33
32.35
29.49
32.34
29.49
30.38
29.49
31.33
30.39
30.38
31.33
30.39
31.34
32.35
30.39
31.34
28.65
29.49
29.49
27.85
31.34
31.33
31.35
31.33
32.35
27.09
28.65
28.65
27.85
30.38
27.10
26.39
30.38
29.49
29.49
25.70
28.65
28.65
30.39
30.39
29.49
27.10
28.65
21.80
30.38
1.14
1.21
12.23
11.39
31.33
30.38
29.49
30.38
31.34
31.33
32.35
33.43
32.35
29.49
32.34
32.34
32.34
29.49
33.42
34.57
33.42
34.57
33.44
23.87
24.46
29.49
25.71
27.85
27.10
20.46
17.91
16.44
25.07
30.38
33.43
32.34
34.58
32.35
32.34
34.57
29.49
32.34
32.34
33.42
32.34
32.34
34.58
31.33
33.42
32.34
34.58
27.86
34.57
31.33
32.34
34.58
35.82
32.34
33.42
33.41
32.34
32.34
31.33
31.33
33.43
33.43
22.79
34.58
34.58
32.34
32.34
33.42
34.58
33.42
33.42
33.45
33.42
33.43
31.33
31.33
34.57
33.43
33.43
34.58
33.43
34.58
32.34
30.39
33.45
30.38
34.58
31.33
31.33
21.80
22.28
21.80
22.28
21.80
22.28
22.79
33.42
23.32
33.42
33.43
33.43
33.43
31.33
31.33
31.33
31.33
22.79
33.42
22.28
33.43
32.34
32.35
22.28
23.32
34.57
27.85
33.42
35.81
34.58
33.42
23.31
22.80
23.32
22.28
32.34
23.32
22.79
21.33
22.79
22.28
22.28
22.78
20.05
22.28
22.29
20.46
22.28
22.28
22.80
21.80
21.33
21.33
21.80
21.79
22.28
21.80
22.79
20.89
22.28
23.32
22.28
21.33
21.33
21.79
23.32
21.80
21.80
22.79
23.32
21.80
22.79
23.87
23.87
21.80
22.79
21.80
22.28
23.32
22.79
21.33
22.28
22.79
22.79
21.80
22.79
22.28
22.28
21.80
22.79
20.89
22.28
20.89
22.79
20.89
20.89
22.28
21.80
21.80
22.79
21.33
20.89
21.33
21.33
1.76
20.46
22.28
21.80
21.80
21.34
21.34
20.89
20.89
21.80
20.89
19.66
22.28
22.79
21.80
21.33
20.46
21.33
21.33
22.28
22.28
21.80
21.32
21.82
20.05
21.33
21.80
21.80
21.33
21.33
20.06
21.80
2.76
32.37
33.43
33.38
32.35
33.44
34.58
32.33
34.58
30.38
33.43
32.34
29.49
33.42
33.42
32.34
33.42
35.81
21.33
33.42
34.57
35.80
33.42
34.57
34.57
33.43
26.38
33.45
34.58
32.34
32.34
33.42
32.34
34.57
33.42
33.42
31.33
34.58
34.58
34.58
33.42
34.57
32.35
33.42
33.42
32.34
33.42
32.34
33.42
33.42
25.71
32.34
21.80
29.49
27.10
35.81
32.34
32.34
32.34
35.81
34.58
33.43
33.43
32.34
34.58
20.45
32.31
31.33
21.80
22.28
21.80
22.28
22.79
21.80
20.05
19.28
19.28
20.89
20.87
20.46
21.33
20.06
20.46
20.45
18.23
20.46
21.33
20.88
20.05
20.05
21.33
21.33
22.28
21.80
21.79
21.80
1.89
20.45
21.80
21.80
21.80
21.80
21.34
2.58
18.56
19.29
1.98
19.30
19.67
19.66
20.89
19.66
20.46
20.46
20.46
19.28
21.33
1.76
20.05
17.91
20.05
19.66
21.33
22.79
23.87
23.87
23.32
23.87
20.46
21.80
23.87
23.32
22.28
23.88
22.28
22.79
23.32
22.28
20.05
20.46
20.89
21.33
21.79
21.35
20.46
21.81
21.81
21.33
22.28
21.80
20.89
20.89
20.89
21.34
22.79
22.79
22.28
21.80
21.33
20.46
15.43
21.33
21.80
19.66
20.46
20.46
21.33
11.52
20.87
20.87
20.46
22.28
20.46
22.78
19.28
21.80
22.28
20.89
22.79
21.33
22.79
22.79
23.32
23.87
21.80
22.30
20.89
20.89
21.33
23.32
20.46
22.28
21.80
21.80
22.79
20.47
20.89
20.89
22.79
21.80
20.46
21.79
21.34
21.33
22.79
22.29
22.28
22.79
23.33
12.50
33.42
34.57
34.58
37.14
32.34
33.42
34.57
21.33
37.14
21.80
21.33
22.79
23.88
38.57
33.42
23.32
24.46
22.79
23.87
22.28
23.32
23.32
23.87
23.87
23.87
21.80
23.87
23.87
23.87
25.07
24.46
21.78
24.45
23.32
23.87
23.32
21.33
22.28
23.33
23.30
21.33
23.32
22.79
22.79
22.28
23.32
23.32
22.79
14.32
23.32
22.28
21.80
22.30
22.79
21.80
22.28
22.28
22.79
22.28
22.78
23.87
22.26
22.78
20.89
23.32
23.32
21.33
22.79
22.79
23.32
21.33
23.32
22.79
22.79
34.57
37.14
34.58
33.42
33.42
32.34
33.44
35.81
37.14
32.34
21.80
32.34
32.34
33.42
34.57
22.28
21.80
32.34
6.30
22.79
22.79
22.79
16.44
23.32
32.35
34.59
22.28
22.28
21.79
19.66
21.80
20.89
20.46
22.28
22.79
20.89
20.05
21.33
20.05
21.79
21.33
21.34
20.89
20.89
20.89
14.75
21.80
22.79
22.79
22.28
22.79
22.79
21.80
22.79
20.89
20.46
20.46
20.88
21.33
23.32
20.89
20.89
20.89
20.89
22.28
23.87
22.79
22.28
21.33
22.78
23.32
22.28
21.81
22.27
22.79
22.79
19.28
20.46
31.33
34.58
32.34
23.87
21.33
20.89
21.33
31.33
34.58
22.28
32.35
31.32
31.33
22.28
22.79
22.28
21.79
21.33
22.28
22.79
22.79
22.28
21.80
22.28
21.33
22.29
23.32
22.79
22.79
22.28
22.28
22.79
32.34
31.33
32.34
34.57
23.32
37.14
22.29
22.28
22.79
22.28
22.28
22.79
32.36
31.33
31.33
32.36
27.85
32.35
32.35
31.33
30.38
31.33
33.42
33.42
34.57
34.57
33.44
33.42
33.43
31.33
35.81
34.57
33.43
32.34
32.35
32.34
32.34
33.43
28.65
34.58
30.38
35.81
32.34
33.42
31.33
31.33
31.33
32.34
32.34
28.65
32.35
32.34
30.38
29.49
30.38
30.38
29.49
30.40
30.39
31.32
31.32
35.81
33.42
32.34
31.30
30.35
26.39
31.34
32.34
31.36
32.35
32.35
32.35
32.35
31.34
28.65
31.33
32.34
32.34
32.35
32.34
34.58
33.43
33.44
30.38
30.38
29.49
31.33
31.33
31.33
30.38
31.33
31.29
30.38
29.53
30.38
31.33
30.38
30.38
30.38
29.49
32.33
31.37
31.33
30.42
30.35
31.30
32.39
31.30
29.49
31.33
30.38
30.39
30.38
29.49
31.31
27.85
32.34
31.33
31.33
34.58
34.57
33.43
32.35
31.34
31.34
32.35
32.34
32.34
30.38
31.33
32.34
32.35
32.35
32.34
32.35
32.35
31.34
32.35
31.33
34.57
33.42
33.43
32.35
31.34
31.32
31.34
30.39
30.38
30.37
30.38
30.38
30.38
29.49
30.41
30.38
30.39
31.33
7.13
31.30
32.30
32.34
33.42
33.43
31.33
32.34
29.49
32.34
30.38
30.38
31.33
31.35
31.38
31.33
31.35
31.33
31.33
29.49
33.42
33.43
34.58
32.34
32.35
33.42
30.38
31.33
30.38
30.38
30.38
30.38
31.33
27.85
29.49
30.38
29.49
31.34
31.33
29.49
35.82
34.57
34.58
30.39
30.40
32.35
30.38
32.34
29.49
32.34
31.33
32.34
31.34
32.34
31.34
31.34
31.33
31.34
32.35
7.53
33.42
34.58
31.31
32.35
31.32
31.33
31.35
30.38
31.33
31.33
30.38
29.49
30.38
30.38
30.38
32.35
31.33
34.58
34.58
32.35
32.35
30.38
31.34
31.33
30.39
31.33
31.33
30.38
31.33
29.49
30.38
30.38
29.49
29.49
27.85
31.33
31.33
35.81
33.42
31.33
30.38
31.34
30.38
30.38
30.38
31.33
30.38
29.49
31.34
31.34
6.92
30.38
30.40
30.37
30.39
34.59
34.58
33.39
30.39
30.42
31.33
30.38
32.34
31.33
31.33
33.42
33.43
32.35
31.34
30.39
32.34
31.33
30.38
31.33
30.39
34.57
34.58
32.35
32.34
31.34
31.33
32.35
31.33
31.32
30.38
31.33
30.38
30.38
29.49
30.38
29.49
30.38
31.34
31.34
30.38
34.58
34.58
31.34
32.35
8.18
27.83
30.40
31.34
32.34
32.34
32.34
30.40
31.33
31.33
30.39
29.49
31.33
34.57
34.58
34.58
31.33
30.38
31.34
32.35
32.35
31.33
31.33
30.38
30.38
30.38
30.38
30.38
30.38
29.49
30.39
31.33
31.33
34.58
34.58
33.42
30.38
32.35
32.34
32.35
32.34
30.39
30.38
30.38
29.49
30.38
30.38
30.37
16.56
31.33
30.38
29.49
32.34
32.34
32.34
32.35
31.34
32.35
31.34
31.35
32.34
32.34
31.34
32.34
31.32
31.34
31.33
31.33
32.35
31.33
32.35
30.38
33.42
33.42
35.81
31.33
30.38
31.33
31.33
30.37
30.40
31.33
33.42
31.33
33.43
32.35
32.35
33.43
32.35
32.35
31.34
15.42
33.44
34.57
34.59
32.35
32.34
32.34
32.34
32.35
32.34
31.33
22.28
21.80
20.46
21.33
22.28
20.89
21.33
20.89
22.78
23.32
22.27
21.80
21.32
21.35
22.29
21.80
21.80
21.80
20.89
21.33
20.89
20.89
20.89
22.79
21.33
22.28
21.80
22.28
13.19
21.33
21.80
20.05
21.33
21.33
20.89
20.46
22.28
21.33
22.79
21.79
22.28
21.80
21.80
22.29
20.89
22.28
18.57
22.29
20.88
21.78
21.80
30.38
30.38
21.80
22.28
22.79
22.29
22.28
20.89
20.89
21.33
20.46
20.46
20.46
20.89
21.80
22.28
21.79
21.34
23.32
21.80
22.79
22.79
21.79
22.79
21.80
31.33
22.79
22.78
22.28
31.33
30.38
31.33
31.33
32.35
32.35
32.34
32.34
32.34
32.35
33.43
33.42
32.35
33.42
32.35
32.34
32.34
21.80
21.79
20.89
31.33
21.80
22.28
31.33
30.38
35.81
31.33
32.34
31.33
31.33
21.33
22.28
32.35
32.35
32.34
32.36
32.34
32.34
33.42
32.35
32.34
33.42
33.40
31.33
21.33
22.28
23.32
23.32
22.79
21.33
21.80
23.32
22.79
20.89
33.45
32.34
31.33
31.31
31.33
31.34
31.34
31.33
35.81
34.58
32.35
31.33
31.33
31.33
30.38
31.34
30.38
32.35
31.33
33.42
32.35
32.34
33.42
31.33
32.34
32.36
31.33
31.33
35.81
25.07
34.57
34.58
33.43
34.58
31.33
31.33
30.39
32.30
31.33
31.33
31.33
31.33
31.33
31.33
30.38
31.33
30.38
31.33
21.33
33.42
33.43
31.34
32.35
31.33
33.42
33.43
32.33
32.34
32.34
32.30
32.38
31.38
31.33
32.34
27.10
29.49
31.33
30.38
33.42
33.42
33.42
33.42
33.42
34.58
33.43
31.33
31.33
31.33
31.33
33.43
31.33
31.33
31.33
31.33
31.33
32.30
31.30
33.42
35.81
35.81
33.43
32.35
31.33
21.33
22.27
23.32
31.34
32.33
33.42
34.58
22.28
21.33
21.80
22.79
22.79
7.54
21.33
20.46
20.89
21.33
20.46
21.33
22.28
23.32
20.05
21.80
31.33
22.79
32.35
22.28
30.38
31.33
31.33
31.33
31.33
31.33
31.33
31.33
31.33
31.33
31.33
32.34
31.33
31.33
31.33
32.34
27.10
32.34
27.10
30.38
32.34
31.33
31.33
32.34
31.33
32.34
32.35
32.35
31.33
32.34
32.34
32.34
32.34
33.43
32.34
32.34
32.34
32.34
31.33
29.49
32.34
33.42
33.42
32.34
27.85
32.35
32.35
32.35
32.34
31.33
32.34
32.34
32.34
32.34
32.34
32.34
32.35
31.32
30.38
32.34
32.35
33.42
33.42
32.35
32.35
33.42
34.58
33.43
33.43
33.43
33.43
33.43
31.33
31.33
33.42
33.42
31.33
32.34
32.35
32.36
33.41
34.58
33.43
31.33
30.38
31.33
32.34
32.33
33.43
32.33
33.42
33.42
33.42
31.33
32.34
28.65
31.33
31.33
31.34
32.35
30.38
31.34
31.34
32.34
33.42
32.34
32.33
32.34
33.42
33.42
32.36
31.33
32.34
31.33
31.33
31.33
31.33
30.38
31.33
31.33
32.35
32.35
32.34
31.33
31.33
30.38
30.38
33.43
33.42
33.43
33.43
33.42
29.49
33.42
32.35
32.35
31.33
33.42
32.34
33.42
31.34
33.42
33.42
33.43
29.49
32.34
32.34
31.33
31.33
31.34
31.33
31.33
32.34
25.07
32.35
31.33
30.39
32.34
31.34
30.38
30.38
31.33
32.35
31.33
30.38
31.33
31.33
31.33
32.34
34.57
32.35
33.42
33.42
32.34
31.33
32.34
30.38
31.33
31.33
30.38
30.38
32.34
31.33
30.38
31.33
31.33
31.33
31.33
22.28
22.28
21.80
20.88
21.80
22.28
21.33
15.67
21.79
22.29
20.90
21.33
20.89
21.80
22.28
22.79
21.80
22.29
21.80
22.28
21.33
14.75
22.79
22.78
22.79
22.28
22.79
22.79
21.33
21.80
22.79
23.32
22.29
22.28
22.79
21.80
19.66
22.79
21.80
21.33
34.58
33.43
34.61
22.28
22.28
22.28
21.80
13.93
22.27
22.28
21.80
22.79
21.80
21.80
20.05
22.79
22.79
20.89
20.89
22.28
32.34
33.42
33.42
32.34
31.33
20.89
22.28
23.32
23.32
32.34
32.34
32.35
32.34
33.42
22.79
21.82
21.32
21.80
22.79
22.28
21.80
22.79
20.89
21.33
21.33
21.34
21.80
22.28
21.33
22.79
21.33
21.80
21.80
22.79
21.80
21.79
20.90
21.33
21.80
22.79
22.79
22.29
22.28
22.78
21.33
22.28
22.28
21.80
22.28
21.80
20.89
20.46
20.04
20.91
20.88
21.80
19.28
20.46
20.05
21.33
21.80
22.28
20.89
20.89
7.83
21.33
20.89
21.33
22.28
20.89
20.89
21.33
22.28
21.34
22.79
21.33
21.33
22.28
22.78
22.28
22.28
22.28
19.65
22.28
22.28
20.45
22.28
18.23
21.34
20.89
22.28
20.89
21.79
22.28
23.87
21.80
14.12
21.33
21.80
22.79
21.80
21.80
20.46
20.89
20.47
21.80
21.80
20.89
21.80
20.46
20.46
20.89
20.46
20.89
22.79
22.28
20.89
20.46
20.46
20.46
21.80
21.33
21.80
21.81
21.33
22.29
30.38
30.37
31.33
32.34
33.43
22.28
32.35
33.42
32.34
32.34
32.35
34.59
22.79
20.89
20.89
22.79
22.79
33.43
22.29
31.35
33.43
29.50
23.32
22.79
23.88
21.32
31.37
31.33
22.79
23.32
23.32
20.46
21.33
22.79
22.28
22.79
21.33
17.90
32.34
32.34
22.77
21.80
22.28
22.28
31.33
22.27
22.79
22.80
21.33
21.32
21.81
32.34
32.35
32.35
32.35
31.33
32.34
21.34
23.32
21.80
22.28
21.33
22.28
22.79
22.28
21.34
21.33
18.92
20.89
22.28
22.28
21.80
21.80
20.45
20.46
19.66
21.33
21.33
22.28
23.31
17.29
23.32
22.28
21.80
21.33
21.33
22.79
20.89
19.28
21.80
20.46
23.32
22.79
22.79
22.77
22.26
22.31
21.33
21.81
22.79
21.80
21.81
21.80
21.80
17.91
23.32
22.78
22.28
21.33
12.53
30.43
30.38
32.34
33.43
31.34
28.65
32.35
21.80
20.89
20.46
19.66
21.33
21.80
21.33
22.28
20.46
19.66
20.05
20.89
20.46
32.34
32.34
32.34
22.28
20.89
29.49
31.33
31.36
32.35
33.44
33.44
33.43
33.42
32.34
31.33
32.34
32.34
31.34
32.34
32.34
32.35
31.35
31.33
33.42
34.58
32.35
32.35
33.42
32.33
32.34
33.42
31.33
32.34
31.33
31.36
32.34
33.42
32.36
32.34
33.42
32.34
33.42
34.59
33.43
31.33
31.33
32.32
32.31
32.34
32.35
32.34
31.33
31.33
32.34
33.42
33.42
33.43
32.35
32.35
33.43
31.33
31.33
32.34
32.34
32.34
31.33
32.36
31.33
31.33
31.33
31.33
31.33
30.38
32.34
31.33
32.34
33.43
32.35
34.57
31.33
33.43
32.34
33.43
31.34
32.34
31.33
31.34
32.34
31.33
32.34
31.33
33.42
33.42
35.81
32.35
31.33
31.33
31.31
31.35
31.31
31.33
32.38
33.42
32.34
33.41
32.34
33.42
33.43
33.43
34.58
33.43
33.43
31.33
31.33
32.34
31.33
31.33
31.33
31.33
31.33
31.33
31.33
32.34
33.44
33.42
33.42
32.34
31.33
33.42
32.34
31.35
32.34
32.34
32.34
32.35
32.35
33.42
32.33
33.42
33.44
29.49
33.44
33.42
33.41
33.42
34.58
33.44
33.44
32.34
33.42
30.41
31.33
31.33
32.34
32.34
33.42
33.43
33.42
33.42
32.35
33.42
34.55
33.43
33.43
31.32
33.43
32.34
34.58
33.42
32.35
32.34
33.42
33.42
33.42
33.43
32.35
33.43
32.35
32.34
31.33
31.33
31.33
30.38
31.33
30.38
31.33
31.33
31.34
32.35
27.10
25.07
31.33
32.34
32.35
32.34
31.33
32.34
33.42
33.43
33.42
33.42
33.42
32.35
33.45
32.35
33.42
33.43
32.35
32.34
33.42
30.39
32.33
33.42
33.42
34.58
32.35
32.35
33.43
33.43
32.35
32.35
30.39
32.34
32.34
32.34
32.35
32.35
33.43
33.43
33.40
32.34
8.62
33.42
32.35
32.35
34.58
33.41
33.42
33.43
33.43
32.35
32.35
32.36
32.33
33.42
32.35
32.35
32.34
33.40
32.33
32.34
30.38
31.33
30.39
31.34
32.36
29.52
31.33
30.39
31.34
31.33
29.49
30.38
30.38
30.40
30.38
29.49
30.38
31.33
32.34
31.34
32.34
33.42
31.34
31.31
30.38
31.35
30.39
31.31
31.34
31.33
30.38
31.34
31.33
31.34
31.34
30.38
30.38
30.38
31.34
27.85
30.38
32.35
31.33
30.38
29.49
29.49
29.49
30.38
29.49
29.49
29.49
29.49
31.34
30.37
30.39
30.38
29.49
29.49
29.49
30.39
31.34
30.36
30.38
30.38
32.35
30.38
31.34
31.33
30.38
30.38
31.33
30.38
29.50
29.49
29.49
31.34
30.38
28.65
30.38
